12 10 -4 
7 -14 -4 
8 11 -2 
0 -11 -3 
16 -14 5 
-18 7 -7 
-10 12 0 
4 -14 -6 
-4 16 12 
10 -5 -16 
3 -11 14 
-20 18 -19 
-3 5 15 
17 -15 -17 
-5 -18 -9 
-19 -16 20 
-5 -5 11 
17 -20 19 
-7 -4 17 
-14 -14 -9 
-10 11 2 
-15 12 0 
-14 -10 -16 
-18 -12 -9 
-15 3 -7 
-2 4 -2 
-3 -20 15 
-13 20 17 
-14 -8 -6 
-18 -2 0 
-5 8 -9 
18 15 -16 
-1 -18 -4 
5 -15 4 
17 -8 -12 
-9 11 12 
9 -13 15 
5 -3 14 
3 3 -15 
18 7 5 
-3 -17 -6 
10 -18 -12 
16 1 -10 
-9 -12 -3 
17 -16 10 
-16 -5 0 
19 -14 9 
15 13 -15 
8 -4 10 
15 -7 -2 
-1 12 2 
13 2 6 
-18 -1 -11 
-6 13 -3 
12 9 3 
1 14 20 
-18 12 -15 
13 8 -20 
19 -5 -4 
8 -9 9 
-14 12 2 
10 6 -15 
-5 8 5 
6 -19 -3 
-18 15 -15 
5 -3 -20 
5 1 14 
12 -6 1 
12 -8 18 
-11 20 -12 
20 -13 -19 
2 19 7 
7 -4 -4 
-7 -19 0 
10 -14 -6 
18 13 12 
18 -1 -8 
14 -9 6 
-6 -16 18 
-8 -6 20 
2 -7 -12 
6 17 -11 
-8 4 5 
11 17 8 
-10 9 14 
4 8 7 
-3 7 -15 
10 0 -2 
-3 15 3 
-3 -12 19 
-2 12 -7 
6 -3 -10 
15 12 16 
1 2 14 
-11 12 4 
-16 -5 -9 
13 15 19 
19 4 -2 
-2 -18 -6 
-18 -1 4 
